256
4
1000
2271073509
1382370006
3702107656
3560327257
2899782225
1298613575
1416463645
2529640023
3137260505
3539558489
3986210834
995352120
987127339
1762936274
3695330608
2554790194
31390418
1160832395
3377228091
2963201135
1222086398
3159552034
2853198483
515701532
3220177141
726712378
467046384
988916057
537152425
3202592832
148858001
1743356061
2352400869
2487166814
1512226255
978210910
1073719415
657678540
810372627
1376013731
4080969064
1077472407
3817168225
4256199106
2715607446
155710239
877423153
3807672887
1755782770
3579141272
2249069713
541106598
2524812089
756848321
3316423585
2807173779
2267668517
70513685
1966106803
2778085357
3604880137
2750719084
3895016962
2613738486
3370816408
510811684
2614054720
469244929
2936837871
1462025277
2181685832
1431989453
2959476102
1973260358
852348089
875956407
2351439183
2052938181
1459933647
563463181
3161001755
1524850545
3043051833
4281802184
677591867
3776879641
704165332
1537997015
4089164177
2368182478
3893022894
3352122772
3662642495
2496078622
156742480
442773694
3311571023
1446346774
4294707922
2104794933
3061893062
1030008476
184206721
1240680531
2338421179
1226937527
3666629951
1672801811
2328857667
1785306863
2883658658
1861566141
1271266042
4005340706
3375042644
786270579
3677976717
229347909
1570113668
3493823120
932319031
990220031
2851528117
3595716543
3670677037
3610385620
3761259817
1872204584
3139819336
71263773
1777812891
920529537
2606821242
3701343613
4292059516
4011738924
1466231487
79926101
1076885067
3561423177
4043978960
221152163
3055890639
93900309
2525577141
3514760646
2060162905
203969267
3078794299
1109374545
2855954884
1869754315
3104037611
747927568
1979250846
2549992978
2551725658
3110662127
3880256430
1606394551
3031660037
2764678784
1500592889
1878256246
1278776162
3128917258
250762671
3016003043
788270597
1287379537
851537737
300234494
3180634998
3457171466
4009113107
638415369
2917718078
2425144431
440864305
30476348
3537882567
3416053450
40379041
2340438425
2812112999
2626711907
1415420322
3433684385
570995245
3962372723
2425933043
899278114
3442749086
3841177428
2729291564
1623972905
195856682
2383394066
1115881487
134268595
1193244757
3579911753
942395546
3985845953
3420674701
836074427
727201467
1153451017
381389731
1124553232
143142495
3319526884
703423264
3351050051
289940581
4289582243
3784751203
1012685950
4146187716
4291211560
2037461528
852932827
1158997123
2919990825
2932881165
343490021
2376563454
3399595696
1856997182
3974963984
94535372
2155425438
715837784
3598645491
3979941243
1437031882
3158754033
219931396
3771592877
290675033
2786155748
1565380197
3388795676
4132305695
4175743373
150352099
2498688729
2231468235
175152285
817771571
2663384369
2445782596
3771503568
3552594397
1662084063
2454822000
1781889416
1777208092
4169564259
87640472
3098363455
869564727
1307044633
1650091912
3302008873
1763751112
523454176
754339500
2321846713
3886799158
3717458280
1318914674
1557838784
13824994
84789885
36246195
3916844966
1252675562
3985956744
738655679
125197557
4182306508
1769056927
1691262897
1140376697
920448820
2107638786
1181422423
3726300622
2935112942
268994585
2257244259
4240244
2450012796
3304951017
1276219218
2238212335
3692225967
1146791771
3118954008
1907062500
3088435180
1806636035
2009079638
4085970569
3042721687
3325061013
621154554
1552982079
773631555
3062481409
1515736216
2334082425
3126226229
4248175539
3661350017
1457077212
3280401264
2435891171
1724561880
567075705
1091648709
1186826318
1940896511
122270783
1785942940
3358705590
1814305779
3996316518
2325630628
379676667
1471814799
2275768595
373525337
1481084980
3557515499
2464312567
536677918
2308283796
3034715862
654966368
348703493
1206728981
938206835
3968681338
817100582
2871974496
2953393237
1659003034
1372527800
1947455478
94369373
3255874899
1262318309
1782043711
323382081
1366751881
681726254
774406203
348388499
4235350645
3762197602
1381852721
3313556770
1548583473
2531818380
4211606096
3767471960
592249851
2472551814
3501448172
452344238
1214239283
668212995
712206623
2774953992
1017440155
90424393
2032365388
3457685659
869424473
1725428890
2075426480
759472031
468262311
3004974815
194032858
3804456800
3298323003
854366885
4246043457
2013167524
644945089
4082580754
4175458992
3214555433
4174159149
888836803
460981323
3684089178
2827049612
1009921080
1882071921
2310004838
1929447162
3080040021
3502181186
2716758601
1585130213
1192628845
3963237680
886454978
740026108
4144458959
564483590
43940472
3171611535
1821627634
3873565284
2573631853
4266561449
3462978141
2519217496
4121198075
148227646
2150202606
4113015119
2175582461
3175310505
2174693546
1956130749
3279294627
1263353726
868191461
1222126718
3676329308
2916596219
2574112479
1410937260
1950390264
3709189340
2117879973
4265203002
4293027708
1103590351
2350473486
1708533234
931323079
1846335820
3175972986
2341771028
2362078159
2330699530
2491865766
1427223451
2706000622
1675561664
210587632
2668765676
1617777074
3867419306
3325426351
2567848161
1062659889
4290504786
3927459696
3302503955
4235857245
3875977849
1164499935
2089764057
4160942146
1287263368
534292347
1424096367
3499501297
2093966270
1885173198
3180094451
1919612225
1721697172
1897900891
1034293947
3024450234
1234875623
2238275535
1020054903
2214455657
2900679054
2620416123
1473258060
3686131668
3974242637
1466718534
484430490
2918670762
570583305
541863637
942079481
3832685477
1006239
812035701
113228243
496350809
977792659
309134870
2704044559
4120594939
2285607301
3819623440
2432066447
3859232848
676823527
395385446
3728942948
4052824751
2317430669
3445260074
85028710
2593261067
1018911218
2623355652
1484404991
1521714972
1970973817
193204788
728642419
4219884210
4041141493
311563287
703488484
1268550358
2882802040
985821996
3822977398
4158660113
4284197456
2276138082
4203149042
1173605475
4286645472
1641300530
2607933398
2290119148
2564786141
434669255
2690266869
1316021231
3503274368
4277465887
3055244980
2929473089
131326161
2374848187
3389118787
892450606
932988048
423067612
320197538
3842806603
2018979977
2037145126
2458331541
924414703
1730964958
112477318
448147634
2698487156
1177880532
2630408768
408317426
3877276694
1508482499
2779191724
4108226022
796195958
814626684
3497712751
1678035410
2286658296
2910219500
3470584877
4205626948
3850697818
3510144820
1883781946
1542148067
3192526161
3179039
2548426116
3520842762
4111580202
1275247666
2954727117
1075214845
3744097356
3841907308
2766647942
4206420425
3401608033
2627651334
43731882
2052312388
388191587
2919846019
1455397350
479498342
1258331278
1857907847
3039470972
3387491968
2347884033
2993764376
1227022076
1786098764
1044910251
3988722146
437447463
3447834905
3053353769
3847039635
1827823779
1357119036
3395994643
1548574751
2516530328
3658183004
2491781020
1997845105
1090617145
2086129303
23399204
693348270
1574603233
3734198499
2499855412
4286864145
868030458
282616850
257786354
1097140433
1749754531
1710461509
1828990833
1495321304
61525856
1229451548
868446111
4044292589
1450245093
997580660
3632544372
3293640172
2776626987
3198700921
526451508
1046376731
2811087296
1643998310
8245981
1293756386
1393498173
4097549264
1808039185
1805470350
523319699
3527845352
1649834566
1638636326
228625281
1340321074
2448223574
2848539026
1952026782
4010433226
3987877209
2170852605
4231174247
2445330142
1454615767
39347783
389739069
2182558647
860286400
1295025514
250954447
1512665271
2359303036
1787905630
1396441112
2527818852
1968567125
3549657675
1444564308
2837155140
1274313756
3777590125
1106908682
3096045302
1534995045
4055059831
207616093
2447117863
3015047996
2756210099
2487163536
3751332032
3569855985
971658698
2614210916
2622526039
4022078275
450287187
4140547074
2727972281
2028559908
634915652
1408383313
59891102
681133560
1101756505
3042966001
1142773333
4250242185
209518272
526107619
1715403552
2285301877
2186423340
2949515602
1355612565
2208692392
2206776809
2012820867
491802340
2829652946
898946342
3071146354
2970999678
423559439
2674375780
3305959414
1305007275
2534988345
343784820
3989307075
3625322060
3200974338
415638358
4137849291
151211149
3913975085
356343951
2915889158
1378280210
1886794815
1815312595
2898700164
3471974446
897638178
961890520
4131737958
2494098584
3828264869
3565906112
2760806595
3390332277
2151055304
2078736690
325861503
3001331110
1406049955
3776092483
3705194258
1926839838
752523156
862601125
1568781169
3879254556
3755505846
3393477849
882329337
3901183390
328744045
4225325668
2834023531
1221449838
297751407
2494579842
2632456076
24488221
1760648855
3442986172
2341352023
3006388090
2142259889
799935695
2740440983
412395391
1225171501
3203730891
1411307164
1932518086
4029205038
3639353513
1780777743
3357815254
3116914377
3103211271
1866108681
835421583
833476443
400684299
865187458
576431780
145206329
3859694832
2103771759
139653977
245838916
973918507
2102710680
36842683
2197229651
760328307
230405495
4262894281
441144598
2797874866
4252110055
905530563
1055020872
3048963040
1046944958
3332406776
1088662337
649313806
852034225
684933790
2118642949
328204914
1204271166
898517421
1246804603
236274414
3387612483
3104985645
1726534548
894551502
1722731404
2564729603
3020932369
2334977405
3089078546
1916261694
3022167927
2663287034
3085890950
3407737212
2049810000
1560317176
14218199
1471261345
3877238896
2506359984
707117405
2987434377
3795868402
1553332372
2817879343
2010392743
3521798726
1654521100
2925087267
1544370683
1175005391
1210602476
3363909784
2671687561
3116250722
38194417
1813066062
1007817980
1169526861
2848416876
605215681
1045611139
2833564769
19894208
3082647511
2597452641
1148240708
3605595481
185849741
2336276630
351896809
4174835224
989151446
3483023253
3242681944
2364270714
4285818176
304525384
1937450865
1244542675
2221417431
1600500580
1310683898
2530556310
3747058855
346522566
3622897855
1275910520
1794341952
1358721621
505899408
222391073
380113743
1044161870
381046088
886803387
477565564
1131055221
3149466750
3695471333
3227592707
3915574723
2232971198
1287872488
2158924504
1051034541
2784052743
1755299216
2187606308
4075037124
2259718514
1982518841
3423372589
103422996
310750269
4063660109
156233643
3610659766
2522890072
1988394873
2189746128
557180360
379408263
470900714
1375167445
632558480
1382591442
2676562809
3375226740
1833348430
1731928423
818335036
1097515974
233146220
328438425
673921589
4245325008
3301809530
1213287045
504026788
1698467758
736666123
3118209364
2974108334
4181719125
2530561119
2041788470
66094838
3735804475
236797679
2576942281
3384127195
3323140930
1411371731
793051889
3617413682
1142552420
3011646888
614303667
3807371314
564313293
1552294006
168759423
1082175673
885892810
3351824504
2256520604
3586059433
55722319
2077021273
3254353355
1214376438
3896250959
4031188089
3946373464
