4245641000
4446271569
2629152958
4788384767
9694554596
6419378045
6999538714
415728203
9342886112
4807640041
7968945590
4717926359
9672913948
3425687957
2574915986
8162793635
6610884504
131160193
2868240302
6708832431
8774372180
3092863149
3825916938
8706993147
1026839376
8582131225
483312294
9597634183
1683396492
3951386821
7869520770
5506681939
7591761928
6743900337
3009924766
2924990815
9792422084
3758750173
7539954682
9334903211
541991360
4374982729
4354048918
928009527
2163772156
2518972405
4193813874
438108163
1469514872
3338981601
159383950
2593365519
2376377908
5930920717
1807981546
8771675995
5823087664
4339308153
7783677062
8123221991
2169298540
7537430309
8802348898
1704233907
8942152936
7170701585
3295843454
1045950143
8074041252
1527224381
8099335130
5062777099
3655561888
7479549097
8245886326
1283649175
5707681244
1021634133
5212207442
1070588771
9557093720
3505005889
3839616878
5768466287
6078781716
6758118765
6634201034
3609960123
7349775632
7952915161
2230174310
7679716679
7138113868
6362585477
4480439106
5321710355
8131002824
1034528113
1918345822
1053803551
9886176900
2882509469
6214652858
333506667
5170458496
8782023945
4733686614
2398938103
9629518012
932853941
8372701490
8888984259
2612833848
4032829857
3548439886
3026659535
7457852404
7686790093
8474892202
3829666331
9617348080
3954741049
756256838
3092155047
2693983276
2023217125
7799100194
1761684083
7726068392
5663840721
5627716670
8815379839
1948521828
6423082237
7366688666
1819296715
1733029984
8367220073
1934646582
6034977111
2491407260
686500629
8373228818
217211427
8006156056
4542498305
3715241774
4126998063
4932226772
2222675501
4376019850
7263703419
7093977808
1946142617
4731985446
2400421895
681335564
2544618053
3830408962
3186535891
7529154440
722588209
4054368798
4361475807
1343776836
1680667485
6046911354
8003680043
3020793152
3566158281
4278411030
1718754999
8078001788
9494810997
9321130226
6750835075
3707569144
9767784033
8174979342
7681142671
7031389620
3387803789
4868476778
2657748187
1823645616
4058524665
2038908934
5980530023
244567532
3531089061
2275690210
5345334579
1009393768
6441887377
7690923006
6131336255
7896530724
7665518013
9461157722
6795597451
4578912800
7686947369
7964352758
4718828567
5442562396
5576869845
616034514
2726348003
9336349912
4834267841
588657390
4988242159
6076953748
6640171757
7278163786
9082725435
6013020304
9946619993
661744102
686700231
3032523980
304818949
8570796738
637516947
3077327176
1416503025
383088094
2989933983
5508940292
7072494621
4718112570
9172277739
5549481728
8422464137
4399652566
9425802615
4501837884
4399889973
1229538482
391251011
2533023160
3606218529
7996608718
8986613327
8484739956
6038224205
7624869674
9600087963
4455138672
4722569401
1444855750
6102241319
1775777708
2601564517
2252189346
4261367795
1487783464
894127953
5097340862
5826049791
8501210340
3635946109
1630588698
4818917707
6301600736
1182833385
4306179254
1465609943
347745052
5141292181
6829686930
1662932899
5184641688
470272897
8912574126
1970220975
4775657044
9378133933
8677951242
3787896571
9637885520
8118801689
6941536678
7667230087
44709516
3871130565
6071816834
1575299923
3839559432
6565462961
4213406110
7419152479
2284873668
1801389277
5337606906
213162155
9850258624
7880707913
8864169622
5953591351
5923848700
4459585269
1478252658
9544350467
110866296
4403915745
246582414
4997957903
63381812
6111881741
2216813290
8615700059
3665273648
2847713657
3364087686
3930991335
7876388204
510649893
1028796002
6879934131
6619899880
7743096849
869536638
2943078847
1776871076
4361988925
3835275994
6882383883
6632012192
7777348521
2740708470
2177375639
1994641628
4342046037
3708816466
3344508515
3698845784
5456759873
7024630382
2003724911
8266839060
8734136429
6824188618
8836215227
3199523856
4606150105
1522697574
457377863
1638250572
438663301
8965891650
4708979219
21777608
9497186417
3968593246
1954513695
3842431364
2987837853
3184472762
5641763691
2685466240
1877504009
5131008598
4676559607
3415624636
3277199285
3673647154
5031739843
1654896952
5852626081
3353162830
495310799
8575481588
2005934797
6620218026
4541806875
4511944944
3452683833
8321123142
8990850471
4976581420
3297999589
3658796578
2396911987
341973416
3795936465
4332924734
3994269823
9734751332
6656036861
5643322010
9501170379
4564553568
4041091177
7020490806
5167188055
9592186524
5280097813
1727381522
8127785251
1520984600
8800423169
356352558
6410072367
8775370196
2863161645
9225330314
2813767803
3410613712
4365695641
857169190
5371357959
8977793548
4255455557
1406211586
5171457235
8647956104
2978879793
1176047902
2009368031
7979475780
1869574749
1252476538
1608840747
8392614976
8459674825
3755663894
7039033783
2695284092
7378402421
7295504370
3430673539
4884001528
5781827937
4894180366
1175414415
4924053684
5137829773
919922282
472398811
7292854960
1670254329
8455968518
1366017127
1750507756
7846276005
1008725474
298867763
8081562472
8970957201
4539127550
8683917119
5431977508
4233008317
9481197146
3079859595
3345279264
2425747753
9691804662
2233677591
7681922140
1047261909
8155628498
5534401507
2285848536
5563765185
9749315054
2302069743
8542248852
5300159981
1448838730
3815888699
1850521488
5701796697
2044061926
2065592775
8516432844
5591433733
8704495042
2890004371
647477320
4525397489
8620256478
8446793887
2315437316
1432942365
2422232634
6837439723
9530143232
3402810761
4165437910
7191388279
1448433468
4760993077
2339574706
8593413955
2722314424
3463687713
9650793422
2918179151
8970320500
6309461069
8198652458
6915994267
1036074096
8554607545
3152278214
9773777703
978045612
9195709541
4109725090
855215859
5614513448
2463397457
1004535486
404123135
3927724004
951309693
2703499802
5675001931
4711251680
8284252649
3319616438
8234802647
2524558876
1309560725
5744251794
7059883683
5298755992
5475656321
5982500270
8532171439
7817561428
4341809837
7555744266
518520315
3777461584
7043099673
4515414182
5397272711
7211070860
8014572229
6491948418
8176019027
3737691656
3358601905
1682953374
2724557663
5385074372
9919451101
5764563450
3627055019
1606377408
8409030217
8390001046
5237405495
5596327164
2807857653
6219336562
5201791491
1090578040
6745219809
4304448398
8992443407
2512272436
5642531085
8133182954
6876599643
2609800752
3083893881
8716714630
7224666599
8609761388
3157858597
4784105826
2141578675
2389120744
9394383633
1428066942
5085358271
4250573220
7400995389
5425916378
7416875787
5565101216
4382148265
5939740534
3704809623
4825735132
6405784661
7379753810
6089806179
6536513368
5561094977
894858606
8091839855
4840642324
6031477613
4234405322
9924773051
5871856400
2586698969
8605152358
2662116167
6492977996
9078253445
7627426114
9477987603
4365677512
201923441
9574480990
667273759
7175433348
9071539357
1759059386
7228989035
9315691904
8027939593
7211151702
7476835831
4415227580
2587130549
670956338
4420964547
3772702776
511646625
5401039694
544933583
6042427892
1669110221
6401696170
3081869339
4395321328
1621991737
1293508166
8973826215
5859069484
4772569573
9411106082
6378346611
5621486760
3367090129
4532128318
866220927
8761075556
8743127805
9145381274
1334447563
5148786272
2884145001
242199350
5138392919
2144977308
3625252117
295004946
6027151395
6195575064
7734167553
4367068462
4146105391
511433940
4571377709
7177468298
6650685307
3694896336
1113496985
4425250854
2355329543
5457552652
8803827781
2756790530
6321644499
2453201288
5974120497
4440349726
2369764575
1730008644
8461533533
8091838842
5176912171
3385869120
7524793289
7675776278
907157687
9690965116
243554165
485448434
8196379523
7221527032
5264958561
2886269710
1796424079
3428793268
8041396877
2286342506
1262465755
1547170224
6583467513
7078217222
8747566951
9825592300
3232136869
5175852258
5248438067
4746081896
2034099345
8250774014
5526397503
5173509412
6984337341
4851436890
407531659
7260553248
5679881257
3269783286
3246054935
411859804
7808769493
6299003602
7014869731
4691403480
378208449
6906496238
1767326447
1737046676
3665932525
8326027594
1094183483
6526299792
5558764121
6153092070
2679767239
8217281228
9222373637
5707472066
4141332115
6768877384
1926239473
7206997982
3015620511
124102660
3327808029
6176508218
1036622827
6420659456
1599853705
8996009174
9728537463
8972698172
7465038901
5572035250
8817930819
647777208
1481674017
4796208846
3049097295
743022964
804677453
5735000362
8666619291
3544489840
125735609
374688198
109127207
5433720236
9576662885
4225518754
2338259443
8685504552
2059961681
1169066430
6706822399
6980841188
5750582397
612793626
350150475
2139096544
6392883433
295810742
2764666071
5653365020
496791189
8969836178
517639587
4293029016
6617160065
1659356334
3912149423
8317518932
9580332461
8284985610
9911241979
5725273168
3801898777
6114026406
5705291655
8441898124
8719657413
9782229122
8986560851
8431528200
3845774769
1510752158
6274959967
5395385796
5022145245
622321914
1519007403
5001541312
9142951241
7540592790
5675989559
9469873148
3888423157
5136707186
6055320835
2816227704
3893799393
1567055502
3889103631
3139779380
7257486349
5626236138
1873888347
6017590576
8372418425
119215494
2307633383
8350371692
6744618021
2836687970
2925865139
2883441128
8742955537
397635966
3621038015
2106885284
2104109373
9503089882
4909094411
8318918560
3496725929
5025088118
287224727
6316443356
9528779605
6834837074
1506827363
8456810072
3262132801
9354071150
265668719
714777108
3578295917
1493612746
3903243195
4838670864
5619387353
1923132262
8363333191
7789745740
9008293509
7496108098
967769107
7328744136
8632028785
3133986654
425389343
3893656452
2452295581
1553542330
3980200299
5792681088
4087244297
2901437526
3682736375
9216384444
6788433333
9639982642
7448619971
8653060920
1916989089
2908096078
7848321487
8971292916
1102965965
5061464234
4452119323
9713710832
8951906361
1175901510
6034259879
7025953068
4442600677
1977910306
9020317555
1124826024
6040047313
3946441022
241754751
9289664100
27612669
1209852058
7341681867
8040889696
5642391145
342069814
1055817303
5449773212
6277765141
5241948690
2072647459
7403393048
5297165057
6959831086
3256786735
2128795604
9883029293
4615307402
7699537531
7360355280
8824964249
430176038
6340650247
6214334476
2231104325
6380603394
7785283283
3114643592
4826671921
4052483870
9420163039
1993801028
1783737437
4963999866
5012943915
7473093184
8906179273
7899381782
1658768311
7805934460
9473843829
4677868018
218026627
8048427256
129905505
8261864974
269317263
5201121972
9875426701
9188307050
5081606619
5945977008
1515117817
9987216646
6189589095
4082518764
5778297253
4531464162
2836247091
847201640
6819051409
2141727998
826611007
8979968036
5879594685
6750654554
216719243
2682008352
9580829481
1510218230
3741778199
2488720988
2584106197
906281426
9967522275
8561872344
3248183233
7724354542
8828773871
9984956820
7385386989
3090555978
4499203387
3325756816
1300971865
6291772134
3416289223
3010102732
2979680261
9159017410
5765477779
930832968
1563502577
9477994206
8807543455
5195953924
2144637213
1170852922
2113148651
